-6.56591587086454
-3.873829836196339
-6.582768672446852
-4.505591500982028
-6.357034510078496
-7.7015073955303786
-5.855199012448782
-5.9611259358102044
-5.756157091634682
-4.381131453095111
-7.279869955432692
-7.262127313663842
-7.44599871421004
-8.652622468509142
-4.4297195970002035
-7.601581259966205
-6.816550178330663
-6.36228217169733
-5.520659798354315
-6.066915085557199
-6.770596673156458
-4.460806332811143
-5.2043372593991
-5.116589550143399
-3.9499963476530433
-7.757391911502508
-4.904948813850752
-5.580262305034105
-4.717018589743806
-6.275411088895888
-7.3933010354946465
-4.544923411395245
-5.938284634989546
-7.782414112940923
-8.002978497879155
-6.017045458301169
-7.126663752604528
-9.212472384488715
-7.486224007832641
-3.7988296287354486
-7.48904575376409
-6.095102007638898
-4.504528187273908
-7.474634936051778
-7.853529548873164
-6.167503688893118
-8.328646366867854
-6.709922750343168
-9.597608080924267
-10.135762290339018
-7.263838074661764
-6.003305148639461
-6.722468324290453
-8.331605711090337
-7.656179054791801
-10.337570427245314
-5.220955664920248
-5.028941742249489
-7.370920541717333
-4.730400588152281
-6.451942006494628
-10.507040951771362
-8.162668228884478
-5.81153300316232
-5.501637547798855
-6.580730472220712
-5.844071271456595
-5.918413391258087
-7.818199644632803
-5.174517009515422
-5.395154974242485
-7.968623500301312
-5.716831168145933
-5.13153464790307
-8.553088250473515
-5.9378180953714415
-6.696117654709436
-5.585317526405058
-7.1461723776627855
-7.473499221039796
-7.706099973061919
-8.602835051493704
-8.100323614643102
-7.75289782909735
-6.693973616522455
-5.027839378819629
-7.763393722589242
-8.269322165876048
-6.2737655085583635
-5.799842048452339
-7.787112759003376
-9.652691108312103
-7.0228572501049085
-6.382648864612478
-7.058143814046878
-6.801341066394154
-7.028808052570037
-7.958301180388803
-6.437608093752773
-5.545949061024297
-6.699879167636886
-6.2430492811996015
-7.419970257787982
-8.54041347101541
-5.845457644680979
-3.7037461650024377
-6.9164547014815705
-7.094817409403487
-7.396232024379576
-5.797881506099491
-8.270310197154966
-3.358431355002088
-8.063959297228182
-8.378393327623339
-8.035845334556083
-7.221951213033311
-7.410944761395584
-6.588180664265166
-6.710894890397217
-6.648719403653985
-3.093860221050823
-7.72575475814844
-5.172510484413728
-5.879858287224646
-5.780396069537712
-7.105274948054068
-5.602515396315356
-5.163662973971906
-5.1126913692128895
-5.823068888013966
-8.532092733111922
-4.860725696852925
-6.402182103959355
-5.08222136031672
-3.2456717215856483
-7.1327617369102825
-8.463403238206718
-5.074623919082023
-9.099038110171659
-4.409119886770697
-5.994282827579763
-3.5196424382145293
-9.615628244425
-6.0755908828237875
-7.89753818202317
-9.291731762638673
-7.224237024927171
-7.512189642109196
-4.7242460153445025
-7.126837097551169
-7.760476184888767
-7.993149553748141
-8.535774826095968
-3.487642888754915
-7.51221839275994
-7.77684378926311
-6.387072602404059
-7.160859368516133
-5.587160302662599
-7.142194025317475
-8.332378588710075
-7.978327525521474
-7.317825071157486
-4.770292850154814
0.6365976663166509
-3.6212617598995758
-8.404741638113896
-5.231802747452672
-7.529589719516122
-9.430246117566353
-4.922703031319241
-6.393554301756103
-6.838440564252793
-7.624235304741453
-8.536987561554069
-6.183330877215522
-5.609007737828394
-3.3913501968109205
-6.486089960337
-3.04601113586333
-4.680342481075191
-5.76131461234862
-8.053555691036008
-2.855792956072815
-8.02794672475859
-6.588456085995391
-5.874644134426967
-8.221220655984562
-7.79484950809882
-8.045356864186452
-4.977103806011116
-7.975352885617687
-6.9859395962268795
-7.6601064443068125
-8.909286353515935
-5.585165548914717
