-4.433506423362482
-4.908583796833529
-6.156804923366936
-5.033295448728043
-5.733870465616867
-5.467473498292887
-3.8656796780131653
-4.101242244283782
-3.7832995303156096
-4.750538988327201
-5.08110219872414
-5.103692707796481
-4.005205034986551
-4.581355570167129
-3.9341049347588353
-6.447782830265308
-5.984420596662399
-5.062086888306103
-4.689354378182543
-5.295748916156294
-4.843966371505635
-4.214040797790145
-4.930652502519
-4.557889153706662
-4.580072080785812
-4.148034784068195
-5.584246627134901
-4.608573652032497
-4.339189053466427
-3.6453048576489313
-5.085162150609179
-5.391277296855696
-4.747255980482301
-4.073449384580283
-4.7085898858736694
-3.618077714122627
-3.8642797175622
-4.392568137147761
-4.342788930492202
-5.757005194266898
-5.876959074774034
-5.3230652330380845
-4.58761106642024
-4.154669473971191
-5.571704571177953
-5.307156815290398
-4.429828743600845
-4.866593573993079
-5.323060603211818
